20110101, 187.4
20110102, 260.9
20110103, 78.7
20110104, 234.1
20110105, 436.6
20110106, 294.1
20110107, 142.5
20110108, 117.0
20110109, 80.9
20110110, 58.4
20110111, 173.9
20110112, 180.9
20110113, 188.4
20110114, 246.5
20110115, 531.5
20110116, 112.7
20110117, 91.0
20110118, 143.0
20110119, 40.3
20110120, 236.0
20110121, 324.8
20110122, 324.9
20110123, 385.1
20110124, 249.7
20110125, 334.7
20110126, 222.8
20110127, 138.0
20110128, 167.4
20110129, 78.5
20110130, 113.6
20110131, 105.4
20110201, 279.5
20110202, 343.4
20110203, 127.7
20110204, 232.6
20110205, 379.9
20110206, 502.7
20110207, 156.2
20110208, 175.0
20110209, 233.4
20110210, 163.3
20110211, 224.3
20110212, 751.4
20110213, 226.4
20110214, 382.1
20110215, 421.9
20110216, 452.8
20110217, 388.0
20110218, 214.9
20110219, 219.3
20110220, 227.1
20110221, 479.8
20110222, 465.5
20110223, 456.0
20110224, 339.1
20110225, 430.2
20110226, 207.1
20110227, 239.2
20110228, 176.8
20110301, 366.4
20110302, 592.0
20110303, 219.0
20110304, 316.9
20110305, 330.7
20110306, 839.9
20110307, 850.0
20110308, 403.7
20110309, 304.1
20110310, 174.4
20110311, 486.2
20110312, 297.6
20110313, 425.7
20110314, 343.8
20110315, 298.6
20110316, 340.6
20110317, 584.0
20110318, 500.8
20110319, 537.4
20110320, 535.2
20110321, 497.2
20110322, 289.1
20110323, 449.0
20110324, 418.3
20110325, 334.4
20110326, 661.6
20110327, 408.5
20110328, 389.9
20110329, 377.1
20110330, 444.6
20110331, 443.2
20110401, 306.1
20110402, 427.3
20110403, 388.4
20110404, 520.7
20110405, 743.5
20110406, 541.3
20110407, 796.2
20110408, 1533.4
20110409, 1828.8
20110410, 1264.2
20110411, 651.2
20110412, 811.8
20110413, 1281.2
20110414, 781.3
20110415, 672.8
20110416, 781.6
20110417, 700.6
20110418, 711.5
20110419, 779.3
20110420, 510.6
20110421, 632.3
20110422, 753.9
20110423, 633.9
20110424, 400.4
20110425, 389.9
20110426, 574.7
20110427, 650.0
20110428, 690.6
20110429, 821.4
20110430, 698.3
20110501, 262.1
20110502, 692.2
20110503, 685.9
20110504, 819.8
20110505, 951.5
20110506, 634.4
20110507, 835.2
20110508, 704.6
20110509, 836.4
20110510, 814.0
20110511, 923.8
20110512, 846.6
20110513, 892.7
20110514, 578.0
20110515, 431.5
20110516, 810.1
20110517, 662.1
20110518, 538.0
20110519, 653.0
20110520, 716.2
20110521, 699.6
20110522, 624.8
20110523, 359.4
20110524, 582.4
20110525, 695.3
20110526, 601.4
20110527, 737.7
20110528, 525.6
20110529, 903.9
20110530, 594.8
20110531, 680.9
20110601, 544.8
20110602, 570.5
20110603, 793.5
20110604, 694.0
20110605, 607.5
20110606, 422.9
20110607, 621.6
20110608, 515.3
20110609, 586.0
20110610, 746.1
20110611, 429.2
20110612, 698.2
20110613, 625.0
20110614, 471.7
20110615, 676.9
20110616, 736.3
20110617, 485.1
20110618, 851.5
20110619, 954.7
20110620, 1084.9
20110621, 648.2
20110622, 698.2
20110623, 663.0
20110624, 892.1
20110625, 1149.0
20110626, 868.3
20110627, 933.1
20110628, 854.2
20110629, 458.0
20110630, 473.8
20110701, 823.4
20110702, 882.3
20110703, 1038.9
20110704, 771.1
20110705, 880.1
20110706, 722.8
20110707, 715.0
20110708, 730.3
20110709, 655.7
20110710, 553.5
20110711, 740.8
20110712, 777.4
20110713, 852.4
20110714, 673.9
20110715, 601.6
20110716, 864.5
20110717, 976.0
20110718, 654.7
20110719, 603.3
20110720, 533.2
20110721, 749.5
20110722, 732.2
20110723, 396.3
20110724, 397.6
20110725, 342.3
20110726, 391.7
20110727, 479.7
20110728, 263.5
20110729, 405.9
20110730, 894.7
20110731, 733.4
20110801, 416.8
20110802, 464.7
20110803, 554.3
20110804, 243.0
20110805, 444.0
20110806, 543.0
20110807, 669.3
20110808, 533.8
20110809, 914.8
20110810, 855.1
20110811, 562.2
20110812, 398.4
20110813, 411.8
20110814, 582.8
20110815, 607.8
20110816, 662.8
20110817, 644.7
20110818, 555.7
20110819, 659.9
20110820, 812.9
20110821, 473.8
20110822, 437.8
20110823, 479.5
20110824, 542.8
20110825, 599.9
20110826, 702.7
20110827, 799.8
20110828, 571.9
20110829, 609.9
20110830, 829.5
20110831, 659.1
20110901, 501.4
20110902, 602.9
20110903, 603.2
20110904, 664.6
20110905, 639.6
20110906, 824.4
20110907, 706.3
20110908, 1125.0
20110909, 901.8
20110910, 348.8
20110911, 412.2
20110912, 612.5
20110913, 509.0
20110914, 559.5
20110915, 556.7
20110916, 385.7
20110917, 378.2
20110918, 448.9
20110919, 695.9
20110920, 242.4
20110921, 521.0
20110922, 491.4
20110923, 688.5
20110924, 502.3
20110925, 365.2
20110926, 360.4
20110927, 427.0
20110928, 511.3
20110929, 345.7
20110930, 339.6
20111001, 318.2
20111002, 376.9
20111003, 280.3
20111004, 321.8
20111005, 561.6
20111006, 469.9
20111007, 646.6
20111008, 716.8
20111009, 661.5
20111010, 491.9
20111011, 478.9
20111012, 790.8
20111013, 844.5
20111014, 660.0
20111015, 607.8
20111016, 543.5
20111017, 264.5
20111018, 169.7
20111019, 346.7
20111020, 481.6
20111021, 360.7
20111022, 311.2
20111023, 280.5
20111024, 411.0
20111025, 634.4
20111026, 517.8
20111027, 503.3
20111028, 245.4
20111029, 108.4
20111030, 167.4
20111031, 155.2
20111101, 146.7
20111102, 134.1
20111103, 192.8
20111104, 318.6
20111105, 289.0
20111106, 291.3
20111107, 543.8
20111108, 280.2
20111109, 100.8
20111110, 365.1
20111111, 448.5
20111112, 122.6
20111113, 69.5
20111114, 70.0
20111115, 89.9
20111116, 80.9
20111117, 76.9
20111118, 129.6
20111119, 117.0
20111120, 193.5
20111121, 370.8
20111122, 309.3
20111123, 189.5
20111124, 161.6
20111125, 179.0
20111126, 292.3
20111127, 206.1
20111128, 289.6
20111129, 194.5
20111130, 134.3
20111201, 158.8
20111202, 207.2
20111203, 61.1
20111204, 115.5
20111205, 663.5
20111206, 208.9
20111207, 365.7
20111208, 1082.7
20111209, 291.2
20111210, 173.1
20111211, 172.6
20111212, 185.7
20111213, 258.6
20111214, 277.3
20111215, 135.0
20111216, 636.0
20111217, 943.7
20111218, 437.9
20111219, 226.1
20111220, 151.4
20111221, 191.7
20111222, 144.9
20111223, 109.1
20111224, 238.5
20111225, 489.9
20111226, 58.3
20111227, 51.0
20111228, 103.8
20111229, 324.6
20111230, 303.4
20111231, 308.8
