20150101, 240.4
20150102, 236.4
20150103, 593.7
20150104, 903.8
20150105, 806.3
20150106, 524.8
20150107, 422.6
20150108, 341.6
20150109, 529.0
20150110, 556.8
20150111, 962.7
20150112, 736.0
20150113, 139.0
20150114, 111.5
20150115, 304.5
20150116, 316.1
20150117, 186.4
20150118, 106.2
20150119, 141.4
20150120, 228.2
20150121, 129.5
20150122, 155.8
20150123, 474.7
20150124, 385.9
20150125, 312.3
20150126, 237.3
20150127, 182.0
20150128, 191.7
20150129, 402.7
20150130, 508.6
20150131, 432.1
20150201, 172.1
20150202, 290.2
20150203, 252.7
20150204, 270.8
20150205, 474.3
20150206, 700.0
20150207, 472.9
20150208, 1059.1
20150209, 638.1
20150210, 415.9
20150211, 147.8
20150212, 205.1
20150213, 169.2
20150214, 173.6
20150215, 178.7
20150216, 261.8
20150217, 332.6
20150218, 241.1
20150219, 271.1
20150220, 141.8
20150221, 459.4
20150222, 251.7
20150223, 263.3
20150224, 192.4
20150225, 415.6
20150226, 211.6
20150227, 260.5
20150228, 233.3
20150301, 322.5
20150302, 562.3
20150303, 853.7
20150304, 307.3
20150305, 505.2
20150306, 616.7
20150307, 341.6
20150308, 206.5
20150309, 184.7
20150310, 157.0
20150311, 365.2
20150312, 525.7
20150313, 312.8
20150314, 197.4
20150315, 433.8
20150316, 464.3
20150317, 378.2
20150318, 524.2
20150319, 546.8
20150320, 368.9
20150321, 316.7
20150322, 434.2
20150323, 349.5
20150324, 360.4
20150325, 519.8
20150326, 359.8
20150327, 447.4
20150328, 903.4
20150329, 528.8
20150330, 567.2
20150331, 878.8
20150401, 1369.9
20150402, 1309.0
20150403, 997.2
20150404, 640.1
20150405, 771.7
20150406, 763.9
20150407, 1098.3
20150408, 664.1
20150409, 485.5
20150410, 351.8
20150411, 380.7
20150412, 594.6
20150413, 865.8
20150414, 872.1
20150415, 674.9
20150416, 584.5
20150417, 486.9
20150418, 1012.7
20150419, 875.0
20150420, 1068.9
20150421, 776.1
20150422, 768.6
20150423, 466.3
20150424, 648.0
20150425, 729.4
20150426, 624.8
20150427, 794.7
20150428, 423.1
20150429, 820.5
20150430, 651.3
20150501, 792.2
20150502, 494.6
20150503, 292.1
20150504, 355.5
20150505, 618.7
20150506, 592.8
20150507, 875.1
20150508, 634.0
20150509, 639.5
20150510, 1027.4
20150511, 938.0
20150512, 612.4
20150513, 499.5
20150514, 598.7
20150515, 322.4
20150516, 505.9
20150517, 687.0
20150518, 575.9
20150519, 607.7
20150520, 744.6
20150521, 333.2
20150522, 555.1
20150523, 330.4
20150524, 540.0
20150525, 316.7
20150526, 489.6
20150527, 1096.6
20150528, 789.2
20150529, 529.3
20150530, 565.7
20150531, 421.8
20150601, 518.6
20150602, 547.3
20150603, 621.4
20150604, 611.4
20150605, 659.7
20150606, 562.9
20150607, 687.5
20150608, 804.2
20150609, 493.0
20150610, 502.8
20150611, 625.5
20150612, 719.8
20150613, 815.3
20150614, 665.4
20150615, 722.6
20150616, 714.2
20150617, 575.5
20150618, 901.1
20150619, 688.2
20150620, 1010.3
20150621, 880.4
20150622, 819.7
20150623, 442.3
20150624, 549.1
20150625, 782.4
20150626, 779.5
20150627, 674.7
20150628, 528.6
20150629, 674.2
20150630, 817.1
20150701, 708.6
20150702, 788.4
20150703, 969.4
20150704, 966.3
20150705, 998.8
20150706, 790.6
20150707, 928.4
20150708, 994.0
20150709, 1154.5
20150710, 1121.5
20150711, 745.2
20150712, 815.7
20150713, 930.2
20150714, 931.4
20150715, 1039.1
20150716, 699.5
20150717, 676.3
20150718, 452.1
20150719, 667.0
20150720, 988.2
20150721, 790.0
20150722, 709.3
20150723, 478.7
20150724, 703.4
20150725, 833.5
20150726, 850.3
20150727, 345.2
20150728, 321.0
20150729, 242.8
20150730, 321.8
20150731, 559.7
20150801, 770.7
20150802, 431.6
20150803, 520.9
20150804, 609.2
20150805, 583.2
20150806, 620.5
20150807, 562.1
20150808, 700.2
20150809, 670.9
20150810, 824.8
20150811, 868.0
20150812, 803.5
20150813, 662.0
20150814, 799.1
20150815, 630.3
20150816, 525.7
20150817, 359.3
20150818, 311.8
20150819, 416.9
20150820, 657.9
20150821, 681.1
20150822, 419.5
20150823, 430.0
20150824, 545.3
20150825, 427.2
20150826, 497.0
20150827, 400.4
20150828, 371.8
20150829, 285.0
20150830, 395.7
20150831, 410.5
20150901, 512.6
20150902, 597.1
20150903, 418.8
20150904, 604.1
20150905, 360.0
20150906, 1101.7
20150907, 1200.4
20150908, 849.6
20150909, 636.1
20150910, 458.5
20150911, 356.5
20150912, 351.7
20150913, 485.1
20150914, 508.6
20150915, 478.8
20150916, 770.9
20150917, 726.1
20150918, 281.8
20150919, 324.6
20150920, 702.7
20150921, 685.3
20150922, 450.9
20150923, 377.1
20150924, 269.7
20150925, 203.2
20150926, 273.3
20150927, 464.9
20150928, 1114.4
20150929, 1112.6
20150930, 925.9
20151001, 578.2
20151002, 338.8
20151003, 290.0
20151004, 443.3
20151005, 244.3
20151006, 236.9
20151007, 401.7
20151008, 238.3
20151009, 260.2
20151010, 375.7
20151011, 698.6
20151012, 524.2
20151013, 421.3
20151014, 521.9
20151015, 558.2
20151016, 546.0
20151017, 209.1
20151018, 146.3
20151019, 365.0
20151020, 610.2
20151021, 408.6
20151022, 226.7
20151023, 284.6
20151024, 165.9
20151025, 227.5
20151026, 188.1
20151027, 275.7
20151028, 324.1
20151029, 246.4
20151030, 136.4
20151031, 116.2
20151101, 74.1
20151102, 54.0
20151103, 77.6
20151104, 59.7
20151105, 82.5
20151106, 63.1
20151107, 81.8
20151108, 170.1
20151109, 191.0
20151110, 783.9
20151111, 480.4
20151112, 303.9
20151113, 129.9
20151114, 655.6
20151115, 432.7
20151116, 515.6
20151117, 50.7
20151118, 585.3
20151119, 179.7
20151120, 446.8
20151121, 535.5
20151122, 346.5
20151123, 301.5
20151124, 165.9
20151125, 145.5
20151126, 158.2
20151127, 205.5
20151128, 413.5
20151129, 583.5
20151130, 645.3
20151201, 932.7
20151202, 357.3
20151203, 96.0
20151204, 172.7
20151205, 212.9
20151206, 269.1
20151207, 202.7
20151208, 246.6
20151209, 342.3
20151210, 143.1
20151211, 231.2
20151212, 175.3
20151213, 190.1
20151214, 223.8
20151215, 199.7
20151216, 163.2
20151217, 346.6
20151218, 202.0
20151219, 89.9
20151220, 229.7
20151221, 234.4
20151222, 83.8
20151223, 113.2
20151224, 121.8
20151225, 110.7
20151226, 111.7
20151227, 76.4
20151228, 104.7
20151229, 188.4
20151230, 536.6
20151231, 284.7
